10.0529,17.6720,14.5503,14.2857,5.1323,1.7460,2.9101,2.2751,1.4815,3.2275,5.0794,6.6667,14.9206
11.5575,17.5014,13.7589,11.2273,6.7694,1.3759,2.2565,2.6417,1.9813,5.3935,8.6957,6.5493,10.2917
4.3277,14.4513,2.1638,0.6182,0.5410,0.2318,0.4637,1.0046,1.0819,1.3910,1.4683,13.7558,58.5008
12.0316,39.1378,13.5249,0.7326,0.3381,0.0564,0.0000,0.1127,0.5354,2.8459,2.9304,4.3956,23.3587
29.2135,12.5651,2.8090,2.2061,1.3291,1.2058,4.4122,6.5908,7.1252,5.4810,5.4124,6.0428,15.6070
26.4808,4.8393,2.7487,5.8846,6.3105,4.6070,14.9826,11.0724,3.9102,5.3813,3.7553,3.1359,6.8912
18.0099,3.4219,4.2323,8.3296,12.7420,16.5691,12.1567,6.5736,4.8176,5.1778,2.2963,2.7015,2.9716
29.2444,5.0049,3.9254,7.0167,8.2924,10.8440,9.6663,5.0540,4.5633,5.6428,3.5329,2.6987,4.5142
33.0067,3.0618,2.7557,5.9400,8.4507,8.9406,8.0833,4.8990,5.8175,6.5524,4.3478,4.5928,3.5517
19.9766,5.9754,3.9250,8.3773,7.7914,5.7411,6.8541,4.0422,4.0422,10.0762,9.0217,7.1470,7.0299
10.5348,4.3760,3.6197,11.7234,13.6143,7.0232,7.5095,4.7542,6.2669,14.4246,8.6980,2.9173,4.5381
23.7916,3.2379,3.3787,23.6509,17.5974,3.0033,2.8156,2.1117,1.8771,5.8658,7.8367,2.4871,2.3463
27.9711,1.0177,0.8043,19.1891,14.9048,1.0834,0.7223,0.5089,0.4596,12.4097,15.9718,2.9547,2.0026
4.3265,0.7347,1.4694,11.0204,68.4898,2.4490,1.8776,0.5714,1.0612,2.8571,4.3265,0.4082,0.4082
22.0486,0.6944,1.7361,7.4653,52.6042,2.9514,2.0833,1.7361,1.7361,3.2986,2.7778,0.5208,0.3472
22.6950,1.4184,2.4113,7.6596,39.5745,4.6809,2.4113,0.8511,0.9929,8.5106,7.2340,0.8511,0.7092
15.9091,0.6917,1.5810,8.3004,49.3083,3.1621,1.7787,0.8893,2.7668,11.2648,3.5573,0.4941,0.2964
22.8904,2.1339,2.6188,16.9738,35.4025,5.4316,3.1038,1.5519,0.9699,1.6489,2.9098,1.2609,3.1038
31.1983,4.2872,5.4752,13.0682,7.2831,3.3574,3.6157,2.3244,2.7376,9.6074,7.8512,3.6674,5.5269
52.7485,1.7629,2.2904,9.5919,10.2443,2.6791,1.9850,1.3881,1.6796,5.3165,6.4547,2.2765,1.5825
12.3024,3.4493,3.9379,15.3492,11.5838,4.0241,3.8229,4.3116,5.7200,15.0043,10.6640,5.7775,4.0529
12.5377,4.4808,4.5239,13.5717,11.5898,4.3947,3.8346,3.4468,5.5149,16.1999,10.0388,4.9117,4.9548
23.3038,4.0366,5.5540,14.5434,7.3862,3.8362,3.2637,3.6358,4.4661,13.3982,7.7870,4.7237,4.0653
22.0402,3.1352,6.6448,15.6762,8.4230,4.3519,2.8077,3.2756,5.9897,13.2429,8.2826,3.5096,2.6205
22.2321,6.8202,4.4287,8.9460,7.1302,2.3472,1.7272,1.9929,2.8344,8.5474,12.7104,12.4889,7.7945
86.7842,0.7291,0.7622,1.8028,1.9883,0.7423,0.9478,0.5170,0.4905,1.7696,1.5840,1.0406,0.8417
65.5065,2.1729,1.1758,2.1353,2.0976,1.6838,1.9095,1.5709,1.7402,5.8602,6.8103,4.0071,3.3299
30.2068,4.1366,4.4252,7.2631,8.8985,4.0885,3.1746,3.0784,3.3670,9.6681,12.9389,5.5315,3.2227
33.6310,5.7540,5.4067,6.2500,6.0020,4.2163,3.5714,2.7778,3.2738,8.7302,9.9702,4.7619,5.6548
35.9777,2.9609,3.2402,7.3743,9.7207,4.1341,6.0894,5.0838,4.9162,7.7654,6.0894,2.5698,4.0782
7.5893,4.1454,5.8036,5.8036,12.5000,5.5485,30.8036,5.3571,0.8929,4.1454,8.6735,4.5281,4.2092
6.4995,2.1356,2.1820,2.8784,4.5497,5.2925,30.5942,29.2479,6.1746,5.5710,1.9963,1.0678,1.8106
4.2241,0.2755,1.1938,4.0863,2.4334,3.4894,55.7392,19.5592,2.7089,3.9486,1.4233,0.7346,0.1837
2.0862,0.4082,0.3628,0.6349,1.9501,4.5805,56.8254,27.2562,2.5397,2.0862,0.5442,0.4082,0.3175
4.9692,1.7478,1.1995,1.2337,1.8849,8.0535,55.1748,21.7958,1.3023,0.9596,0.3427,0.3427,0.9938
80.0442,0.2528,0.1501,0.2133,0.2765,1.2956,7.2049,7.5367,1.8881,0.4424,0.2528,0.1185,0.3239
88.1296,0.6427,0.8854,2.7807,1.5937,0.6755,0.7280,0.6361,0.4066,1.1346,1.1936,0.5247,0.6689
25.4910,2.1277,1.4321,4.0098,4.5827,5.1555,15.7119,18.4124,11.2930,5.2373,2.4550,2.0049,2.0867
21.6079,1.4943,1.1656,2.8392,3.4071,4.8715,13.4190,20.3825,16.4375,8.7567,2.1518,2.1219,1.3449
20.6753,3.4690,2.6364,4.6253,6.6142,7.5856,18.0389,13.9685,6.1055,6.3367,3.7003,3.1915,3.0527
5.6235,2.4450,2.0538,4.1076,5.9169,6.0147,13.3496,31.4425,7.0905,7.5306,7.1883,4.2543,2.9829
14.1304,2.5520,2.2684,3.3081,5.5293,8.1285,13.0907,22.5425,7.7032,7.4669,6.5690,3.8752,2.8355
82.8391,1.6851,0.3401,0.8216,1.6087,2.2812,6.1788,1.0432,0.2369,0.2713,0.5197,0.6993,1.4750
5.1778,0.0624,0.0000,0.0624,0.3119,4.6163,88.2096,0.3119,0.0624,0.4367,0.6862,0.0624,0.0000
5.0479,0.0000,0.0639,0.1278,0.4473,30.2236,62.3003,0.2556,0.0000,0.1278,0.8307,0.4473,0.1278
4.8024,0.0000,0.0000,0.0608,0.6079,63.2219,30.3951,0.5471,0.1824,0.1216,0.0608,0.0000,0.0000
3.9131,0.0000,0.0000,0.0000,1.7250,24.0217,22.1370,30.1070,17.7927,0.3035,0.0000,0.0000,0.0000
96.6045,0.0787,0.0116,0.0093,0.0162,0.0463,0.8709,1.3943,0.6230,0.2224,0.0347,0.0162,0.0718
18.8894,35.0023,5.0068,2.2303,0.9558,0.2731,0.5462,0.2731,0.1365,1.1379,3.2772,6.4634,25.8079
16.3175,37.2280,10.0322,3.0218,2.5786,1.3699,1.4504,1.3699,0.2820,1.1281,2.0145,5.4392,17.7679
16.4283,30.2281,6.3007,4.2134,2.3579,0.7731,2.5899,1.5075,0.9664,1.1983,3.5949,7.3831,22.4584
10.2775,10.5344,8.1706,9.7636,3.6485,2.2610,2.4666,2.8263,3.8541,4.9846,7.2456,8.7359,25.2312
36.0255,6.2699,4.7290,4.9947,3.0818,4.0383,9.0861,6.2168,3.5069,3.6663,6.1105,5.6854,6.5887
19.4611,26.9205,3.3845,1.7813,1.0465,1.4251,3.9412,2.6943,2.1821,2.3157,5.2327,6.8582,22.7566
88.4122,0.8172,0.3632,1.0895,0.9080,0.3575,0.7945,1.1690,0.4767,1.0725,1.5322,1.3392,1.6684
99.2375,0.2179,0.0000,0.1089,0.0000,0.0000,0.0000,0.0000,0.0000,0.1089,0.1089,0.0000,0.2179
99.8786,0.0000,0.0000,0.0000,0.0000,0.0000,0.0000,0.0000,0.0000,0.0000,0.0000,0.0000,0.1214
82.2596,0.9337,0.1867,2.1475,2.6144,1.0271,2.0542,1.4939,1.0271,1.9608,2.5210,0.9337,0.8403
52.1015,1.6293,2.1478,9.0539,9.7945,4.0178,3.6104,2.8328,2.3329,5.7026,4.7769,0.9443,1.0554
29.3292,1.8138,2.1389,12.7823,21.4579,12.0465,10.5065,3.5763,1.0267,2.5838,1.4887,0.4962,0.7529
27.8739,1.6277,1.5870,9.6236,14.7711,5.9613,5.6765,4.7609,5.1068,11.5158,8.0366,1.5463,1.9125
54.2572,3.5035,6.2065,9.0030,2.7342,0.7173,2.2040,0.9772,0.7485,1.3827,8.5352,6.5391,3.1916
3.5380,0.1041,0.3122,1.0406,1.5609,1.5609,84.8075,3.8502,1.0926,1.2487,0.4683,0.1561,0.2601
4.5343,2.9412,2.5123,5.5147,3.4314,1.0417,19.9755,24.8775,2.6961,7.1691,4.1667,9.2525,11.8873
5.9975,7.4495,5.3030,3.8510,0.9470,3.0934,29.9874,16.2879,2.9672,2.7146,6.8182,7.7652,6.8182
8.6528,11.5371,10.0598,6.8590,4.8540,4.3616,34.9631,4.2561,0.7035,1.6180,2.6381,3.1657,6.3313
9.6561,3.3069,1.6667,2.2751,6.2963,6.5344,23.9947,30.2381,6.3492,2.6984,4.1270,1.2698,1.5873
37.6538,3.7736,0.9844,2.7892,4.0197,1.6817,5.6604,8.2034,5.2092,8.6546,9.6801,4.7170,6.9729
51.0777,3.0046,2.4820,15.2841,3.1352,2.7433,3.8537,2.4167,1.1757,3.5924,5.9438,1.6329,3.6577
11.6531,8.3469,6.9919,7.1545,8.0759,6.1247,7.5881,7.5339,4.8238,7.0461,7.2629,8.6179,8.7805
6.2602,6.3691,7.0223,8.2199,12.5749,14.5890,10.6696,5.6070,4.3549,5.1715,5.0626,7.4034,6.6957
6.8859,5.4985,4.6249,5.2929,10.7400,20.0925,9.3525,8.4789,7.9137,6.9887,4.8304,5.0360,4.2652
2.4390,4.7317,3.9512,4.6829,17.5122,35.8049,11.3171,4.2927,3.2683,2.4878,2.3902,3.0732,4.0488
12.9803,4.1237,2.8585,6.8416,17.8069,13.4489,12.8866,12.9335,5.2952,1.8744,2.4836,2.3430,4.1237
22.2302,5.8993,2.9137,2.6259,5.1978,9.7482,10.9353,8.8489,6.0252,6.9424,7.1583,5.8813,5.5935
23.8310,2.2168,2.4247,5.5074,11.3786,9.3349,6.2695,8.0707,10.3048,10.0623,5.2303,3.0481,2.3207
37.4584,2.7885,4.0844,8.8066,6.8594,3.5348,3.1888,3.9623,3.8809,8.1077,9.7157,4.4508,3.1617
95.1003,0.1468,0.0350,0.0194,0.3481,0.0311,0.5348,1.1085,0.7390,0.2052,0.8061,0.5737,0.3520
99.2054,0.0361,0.0090,0.0232,0.0387,0.0103,0.1406,0.3032,0.0323,0.0722,0.0645,0.0284,0.0361
86.7784,0.1817,0.0606,0.3633,0.2422,0.0202,0.0202,0.0000,0.0000,2.3012,7.3476,2.2406,0.4441
77.6064,0.9350,0.0468,0.6545,0.0468,0.0468,0.0468,0.0468,0.0468,5.0023,10.9397,3.7401,0.8415
63.1861,0.1021,0.0255,0.0766,0.1276,0.0255,0.0255,0.2042,0.2808,19.2239,16.1348,0.4085,0.1787
69.7210,0.2695,0.0634,0.0634,0.1268,0.1268,1.4426,2.5682,3.3450,10.6848,9.5751,1.5694,0.4439
52.2441,3.2415,5.6863,6.4777,7.1769,6.5752,4.8027,4.0275,1.9352,2.5694,2.4935,0.7480,2.0219
57.9506,4.5203,6.2645,5.3343,5.2616,6.5552,4.5494,3.7355,0.1453,0.2326,0.3924,0.5087,4.5494
31.3546,0.0789,0.0000,1.0420,8.7938,12.2987,21.9766,14.3669,3.6943,4.4364,1.4051,0.3000,0.2526
65.9302,2.2093,1.0126,2.5868,3.8387,4.1609,9.3713,5.8363,1.0955,0.3774,0.6628,0.8745,2.0436
81.1853,3.2372,0.8965,1.2119,0.7747,1.3558,2.5455,2.1416,1.2451,0.7913,1.0625,0.6862,2.8665
31.4557,0.3766,0.0982,0.3930,1.0152,3.5042,16.7513,18.9455,12.9687,6.9101,5.4855,1.5392,0.5567
96.2364,0.1433,0.0253,0.1968,1.7342,0.2726,0.2108,0.3148,0.1209,0.3007,0.2333,0.0956,0.1152
16.3256,8.9586,5.1842,5.2296,12.4602,7.8672,4.5020,6.3665,10.4138,11.5962,1.3643,2.5011,7.2306
23.5659,0.6202,0.0775,0.1550,0.1163,0.0388,0.2326,1.2016,16.7829,51.7442,3.4884,0.5039,1.4729
57.6779,0.3511,0.1404,2.4110,13.1320,15.0983,6.6011,0.8661,0.3277,0.2575,0.3745,0.7725,1.9897
11.3636,1.7595,1.2463,2.8592,5.5718,3.8123,4.0323,27.2727,16.6422,13.0499,7.1114,3.2991,1.9795
10.1911,0.6369,1.0191,2.8025,3.5032,15.0318,58.5350,2.0382,1.0828,2.3567,1.9108,0.5096,0.3822
5.5493,0.6166,0.3924,0.5605,3.3632,58.8565,21.2444,2.2982,0.8969,0.9529,2.6906,1.6256,0.9529
6.2028,2.2114,2.4272,3.2362,9.1694,65.3722,1.0787,0.5394,0.8091,1.0787,1.0248,3.5599,3.2902
4.1647,0.3744,0.4212,0.6083,5.7557,75.3861,9.1249,0.5615,0.9359,0.7487,0.5147,1.0763,0.3276
3.3859,0.0464,0.0928,0.2319,0.2783,6.2616,43.2746,40.4453,3.5714,0.4638,1.3451,0.5102,0.0928
13.5171,0.2187,0.2187,0.8311,0.8311,0.0875,0.5249,15.0481,57.1741,10.6737,0.5687,0.0875,0.2187
8.0838,1.1976,8.7824,9.7804,1.3972,0.9980,2.0958,4.8902,21.6567,27.1457,9.1816,3.7924,0.9980
10.6987,0.7642,0.1092,1.0917,2.0742,6.3319,48.6900,6.3319,2.6201,5.8952,10.3712,3.8210,1.2009
4.8875,0.6206,0.3879,0.0776,1.2413,1.3964,35.6866,43.6773,1.0085,0.3879,0.9310,5.5081,4.1893
2.6890,0.9448,1.7442,3.9244,8.8663,13.3721,53.7791,14.0988,0.2180,0.2180,0.0727,0.0000,0.0727
31.7680,8.9976,5.5643,4.3804,5.7616,5.7222,8.3268,18.8635,4.7751,2.8019,1.1839,0.1579,1.6969
18.7678,4.5696,3.6924,2.3868,3.5088,7.8335,6.9359,11.5871,12.8519,9.9755,6.7727,5.2632,5.8548
15.9444,4.5690,5.3227,4.3806,1.3895,0.9185,1.9077,4.5690,10.9986,16.9336,19.1239,7.7720,6.1705
5.6628,7.4003,4.8906,14.6718,11.8404,5.1480,3.2175,5.5341,11.2613,10.5534,6.0489,7.7864,5.9846
9.8231,28.3710,3.3557,4.8810,7.5046,9.7010,3.9048,4.8200,2.3185,3.1727,5.0031,4.5760,12.5686
17.1429,23.9048,6.7619,5.2381,4.4762,2.1905,1.3333,0.9524,0.4762,0.6667,3.9048,14.7619,18.1905
7.1230,23.1267,5.0879,2.7752,3.9778,2.4977,3.1452,2.7752,0.9251,2.2202,9.0657,15.3562,21.9241
25.0446,16.7558,7.5758,5.7932,5.3476,2.6738,2.6738,2.6738,1.9608,2.7629,4.2781,6.2389,16.2210
35.0842,2.6759,33.5976,1.3875,7.0367,13.3796,3.8652,0.3964,0.5946,0.2973,0.2973,0.4955,0.8920
18.8494,0.7570,44.1332,9.2354,3.3308,18.3195,2.5738,0.3785,0.3785,0.6056,0.3785,0.3785,0.6813
38.8375,17.0410,35.6011,2.4439,2.8402,0.5945,0.3303,0.2642,0.0661,0.4624,0.5284,0.3963,0.5945
36.7278,34.9627,24.9151,0.9504,0.2716,0.0000,0.0000,0.3394,0.1358,0.2716,0.3394,0.4073,0.6789
35.8040,15.4523,15.2010,2.8894,2.7638,0.8794,1.3819,0.5025,0.3769,2.5126,10.5528,8.5427,3.1407
42.2330,1.6990,2.0631,10.9223,9.2233,1.8204,1.3350,6.4320,11.4078,6.1893,5.5825,0.4854,0.6068
20.9044,0.6826,1.1092,4.5222,9.1297,6.7406,8.0205,24.6587,12.6280,8.6177,2.0478,0.8532,0.0853
6.0241,6.5763,10.1406,6.7771,3.8655,3.3133,24.7490,22.4900,2.0080,6.0241,4.3675,1.6566,2.0080
7.1977,2.6871,1.2476,0.8157,3.0710,4.1747,41.2668,24.9040,1.0077,1.1516,2.3033,4.5106,5.6622
17.5267,2.4640,0.9298,2.7429,1.9526,3.4403,55.1836,4.9744,1.9526,0.8368,0.8368,1.2087,5.9507
41.9171,16.4767,4.1969,2.3316,2.4870,1.1399,2.3834,2.9534,2.0725,4.6114,3.4715,2.7979,13.1606
74.8737,2.2993,2.0933,3.7414,1.3557,0.4519,0.6380,0.9636,0.8440,3.3161,4.0338,2.2993,3.0901
70.1512,0.0521,0.0521,0.5996,24.0094,3.8582,0.3650,0.2086,0.2607,0.1825,0.1564,0.0782,0.0261
3.4451,3.6778,3.0726,2.2812,8.2402,14.9441,7.5419,7.4488,9.0317,21.9274,5.7263,7.0764,5.5866
57.6477,0.9591,0.8077,2.9783,7.1681,0.4038,1.2620,2.7259,6.1080,16.8602,1.1610,0.5553,1.3629
23.3240,0.6704,1.6201,1.6760,5.7263,7.2346,7.3743,13.7989,19.5531,7.9609,8.8268,1.8436,0.3911
6.5928,3.6565,2.2161,3.3795,5.4294,15.5125,21.1634,4.8753,3.4903,4.1551,7.9224,15.1247,6.4820
6.7881,7.1192,8.1126,4.8013,3.2285,5.2980,26.5728,10.5960,10.5132,4.6358,5.0497,3.1457,4.1391
5.9739,1.4312,0.4978,1.0579,0.9334,9.9564,64.4680,8.5874,2.9247,1.3690,0.9956,0.8090,0.9956
8.2675,1.0942,1.0334,0.9726,2.9179,77.3860,2.9179,1.1550,0.9119,0.3040,0.0000,1.1550,1.8845
7.4679,1.6320,1.6320,1.5826,5.9347,67.6063,1.7804,1.0880,0.8902,1.1869,2.1761,4.4510,2.5717
4.1878,0.3221,0.3221,1.3346,4.3258,26.4151,34.7446,24.4823,1.1965,1.1045,0.5983,0.5062,0.4602
1.7666,0.0000,0.1233,0.5752,0.3287,0.2465,5.3410,33.9359,43.5497,12.4897,1.0271,0.3287,0.2876
11.6379,3.5560,10.0216,19.3966,14.0086,3.5560,2.2629,2.6940,4.8491,10.7759,11.2069,4.4181,1.6164
8.7203,8.4938,15.8550,8.9468,4.4168,2.1518,2.6048,3.6240,9.1733,21.9706,8.1540,3.3975,2.4915
80.2436,1.1653,0.5297,1.8008,0.4237,1.2182,3.8665,2.5953,1.4301,0.5826,3.6017,1.0593,1.4831
78.8526,0.9098,0.9283,1.5782,1.7081,1.3925,4.1589,2.4694,1.0583,3.3420,1.8938,0.6127,1.0954
15.8189,29.6541,1.6277,1.9329,1.7803,3.1536,2.7976,2.8993,3.4588,8.1892,7.3245,2.0855,19.2777
15.3739,14.6205,9.2355,6.7522,8.5658,3.0134,1.4509,1.4509,1.7857,5.2734,12.4721,11.0212,8.9844
9.1090,3.2354,1.4435,1.2444,2.4888,2.5386,42.8074,7.0682,1.9910,4.3305,5.9731,9.5570,8.2130
7.7675,2.4691,1.1831,2.1605,2.2119,2.5720,16.2551,55.6070,0.8230,0.6173,0.7716,0.6687,6.8930
8.1022,0.0000,0.0000,0.1631,0.0544,0.3263,16.5307,69.3855,4.0239,1.2507,0.1088,0.0000,0.0544
31.8361,0.1481,0.0494,0.0494,0.8885,1.5301,8.7364,21.1254,20.5331,9.8223,3.4057,1.5301,0.3455
21.3386,0.1325,0.0663,0.1988,1.5242,0.2651,5.9642,11.8622,21.6700,16.6335,14.3141,4.3738,1.6567
22.2896,1.3647,0.5307,0.4549,2.2745,1.8954,5.2312,11.4481,21.3798,13.3434,11.9788,5.8378,1.9712
38.6521,1.9822,3.2706,5.9465,9.4153,2.7750,4.7572,17.9386,2.2795,1.3875,1.2884,3.6670,6.6402
66.3687,0.2235,0.7821,10.5028,13.6313,1.3408,2.0112,4.4693,0.3352,0.0000,0.2235,0.1117,0.0000
31.3420,1.8182,0.6926,16.0173,25.8009,15.5844,1.6450,1.4719,1.3853,1.3853,0.6926,0.7792,1.3853
10.1295,0.0256,0.2436,40.4795,45.3263,0.2821,0.4872,0.4872,0.1410,1.8849,0.4616,0.0385,0.0128
14.3358,0.4672,2.0730,29.9854,44.0584,3.3869,1.0803,0.4964,0.4088,2.2190,1.2555,0.1752,0.0584
37.1730,0.2012,0.3521,3.3199,4.6781,7.3441,20.5734,21.8813,1.7606,1.6097,0.7042,0.3018,0.1006
35.7021,6.0262,0.9096,3.5816,5.1734,2.0466,18.5901,12.7345,1.3644,1.0802,1.5350,1.5918,9.6646
14.1613,9.8085,7.1387,8.9959,10.7371,5.5136,5.8619,6.1521,5.2815,9.1701,6.3842,4.2948,6.5003
25.9001,4.6748,3.6381,7.4835,5.0330,3.0160,3.2422,3.9208,11.4232,18.1150,6.9557,3.0914,3.5061
41.3780,3.9064,2.4399,4.9810,6.8900,5.1707,5.6131,6.3211,2.9077,3.0721,3.8053,4.4627,9.0518
10.1496,6.8910,4.0598,3.4722,1.2286,0.9615,0.8547,0.5876,1.6026,3.4722,9.5620,31.4637,25.6944
23.5746,5.4550,7.8947,9.8410,6.1952,7.1546,7.0450,4.5504,4.6601,6.7708,5.5921,4.4682,6.7982
13.7500,18.6000,11.5000,7.0000,4.0500,2.2000,5.6000,8.1000,3.3000,1.6000,2.3500,5.3000,16.6500
20.1320,12.0226,17.0203,6.5064,2.9703,1.3673,2.9231,2.8760,3.0174,7.2136,4.4790,6.8835,12.5884
24.1798,14.7416,9.7528,12.8539,5.3483,1.6180,1.2135,1.4382,0.2247,1.7079,3.5056,7.2360,16.1798
63.8022,3.4686,2.1123,2.7604,1.8723,0.7321,0.9241,1.0082,0.6841,1.9083,7.6692,7.5132,5.5449
92.5391,0.1922,0.0572,0.4572,5.3255,0.2390,0.1715,0.1663,0.0468,0.1559,0.2962,0.1299,0.2234
16.3611,6.1870,2.6123,1.7874,6.7369,8.8451,6.0037,6.2328,11.8240,18.7901,4.9038,3.7122,6.0037
48.4120,0.4083,0.2722,0.5445,0.4083,0.5445,4.8548,10.6171,20.5082,10.0726,0.9528,2.2232,0.1815
13.7868,0.5882,0.1471,0.5147,13.1250,16.3603,7.8676,5.1838,1.8015,7.2059,26.9118,5.2941,1.2132
8.5424,1.9713,1.4934,2.8674,4.5400,12.7240,13.5006,9.4982,17.0251,11.8877,8.9606,4.3011,2.6882
6.2103,6.0692,4.5872,3.8814,3.3874,6.2809,32.1101,12.6323,4.0226,2.7523,2.4700,5.5752,10.0212
10.9578,0.4870,2.8409,6.0065,2.4351,2.8409,58.6851,7.1429,3.0844,1.9481,1.1364,0.8929,1.5422
9.2867,2.8937,1.8843,2.7591,4.4415,58.2773,5.8546,2.1534,2.0188,3.4320,1.3459,2.4899,3.1629
3.6239,1.1555,0.9454,1.5756,9.4538,71.1660,1.8382,0.5777,0.5252,0.7878,1.0504,4.0441,3.2563
2.7176,0.1842,0.1382,0.4606,0.6449,63.4731,23.6297,4.6062,0.5527,0.9212,0.8752,1.1055,0.6909
2.3425,0.0768,0.0768,0.2688,0.1536,0.6144,16.8587,45.8525,30.6836,1.8049,0.5760,0.2304,0.4608
8.7845,1.7365,15.9346,8.2737,17.6711,3.9837,2.2472,4.5965,11.7467,17.9775,5.0051,1.1236,0.9193
5.1149,1.6308,0.2224,0.3706,0.6672,1.9274,37.4351,20.4596,2.7428,13.9362,6.3751,3.6323,5.4855
2.4120,1.8905,1.4993,0.7823,1.0430,2.6728,27.4446,56.3233,1.9557,0.6519,0.7171,0.7171,1.8905
18.8979,1.2579,0.4492,0.1497,0.2396,0.2396,5.1512,29.9491,20.3654,12.0994,7.9964,1.7071,1.4975
6.1794,29.3688,0.5980,0.0664,0.0000,0.1993,0.2658,0.7309,1.2625,4.8505,4.7841,7.8405,43.8538
7.4149,32.5038,0.9142,1.7268,3.6567,1.0665,1.7776,1.8283,0.9142,1.6252,1.6252,1.7776,43.1691
5.7038,9.7855,2.7211,3.1920,20.9838,5.9131,3.6630,3.6107,3.1397,4.0816,3.6107,5.0759,28.5191
10.7659,1.1248,1.0177,2.3567,76.0043,2.6245,0.6427,0.4821,0.1071,0.3749,2.1425,1.3390,1.0177
13.1543,0.2276,0.4552,1.0014,81.0651,1.0469,0.3186,0.2276,0.0455,0.3186,1.4110,0.4552,0.2731
9.0735,1.6323,0.6241,3.0245,71.6755,2.3044,0.9121,0.1920,0.3361,1.1042,5.6649,2.3044,1.1522
27.0805,1.8391,2.9425,7.4023,42.2529,4.5057,2.1149,0.4598,0.4598,1.3333,4.7816,2.6207,2.2069
18.1267,2.9357,4.4734,9.6459,37.9310,4.3802,3.2619,1.6775,1.2116,2.2833,6.0578,4.5200,3.4949
13.3887,1.5697,1.4312,3.7858,52.3546,16.8052,1.9391,0.5078,0.4155,0.7849,3.0471,1.9852,1.9852
30.5511,0.4393,0.2796,0.7588,12.8994,48.8818,1.7572,0.7588,0.6789,0.7588,0.7188,1.2780,0.2396
18.2553,1.2924,1.0770,3.1233,3.3387,45.4496,2.3156,3.2849,4.1465,10.6624,3.0156,2.2617,1.7771
50.0890,1.1576,1.3357,5.2983,13.1345,3.6955,7.8362,5.6990,2.8495,5.1202,1.5583,1.4693,0.7569
41.0377,3.9308,4.4509,6.5312,4.4146,1.9110,3.4349,3.7131,3.6043,18.4204,5.6846,0.6410,2.2254
18.9881,6.1600,3.2599,2.8154,4.7206,10.4149,9.0390,10.2667,3.5140,13.2515,7.7265,3.1753,6.6681
40.6671,9.6605,6.3252,3.8952,2.6802,1.9297,2.9184,3.6689,1.6200,3.6093,7.3973,5.4199,10.2085
42.2378,3.6746,3.1379,8.4228,5.1610,1.6102,1.1974,2.6012,5.9868,10.6111,7.1016,4.9133,3.3443
83.4697,0.5713,1.0962,6.0934,4.7707,0.3191,0.3242,0.6279,0.1750,1.0910,0.8389,0.2470,0.3757
4.6074,4.7485,3.3380,3.1030,14.5745,9.1208,4.9835,6.4410,17.9126,14.1044,4.7015,6.0179,6.3470
32.5692,0.3820,0.2865,0.2388,0.5731,0.5253,0.6208,4.5368,45.8930,12.6552,1.0029,0.1433,0.5731
9.1862,0.1997,0.1498,0.3994,3.6445,9.6855,6.1408,8.7369,19.8702,19.5207,20.8687,1.1483,0.4493
10.5498,9.2088,9.2535,6.5266,5.7219,14.2602,6.7948,6.9736,6.0796,3.6209,9.2535,7.5101,4.2468
4.9200,5.4736,4.7355,3.5670,5.4736,9.7171,34.5633,8.6716,2.6445,2.9520,3.1365,5.1661,8.9791
11.1008,2.8677,5.4579,4.6253,2.2202,3.5153,46.5310,11.7484,6.0130,2.6827,1.0176,1.1101,1.1101
9.7111,1.5980,0.7990,1.7824,2.3970,44.8679,29.1334,2.3970,2.0283,1.5366,0.6146,1.1063,2.0283
5.6144,2.8602,1.8538,1.9068,6.7797,65.5720,1.2712,1.0064,0.6356,0.8475,2.1186,5.0318,4.5021
6.5707,1.3909,1.5827,2.3022,7.5779,57.3141,14.4844,1.9664,1.1511,0.8633,1.1511,2.5420,1.1031
3.5232,0.1448,0.0483,0.0965,0.0965,0.5309,49.7587,37.6931,4.2954,2.5097,0.6757,0.4826,0.1448
2.3937,0.7328,0.1466,0.1954,0.0489,0.0000,0.9282,10.6009,52.4182,20.8109,0.2931,4.3967,7.0347
49.0688,8.7393,0.6089,1.7192,2.4713,1.1461,0.7521,0.8954,0.3582,1.9699,5.0501,5.0143,22.2063
8.9214,6.3915,8.1225,8.6551,6.1252,7.9893,8.6551,7.3236,8.5220,8.6551,5.4594,7.0573,8.1225
5.2995,0.2304,0.0768,0.0768,0.1536,2.9954,28.2642,50.6912,11.3671,0.3072,0.1536,0.2304,0.1536
84.2979,1.8501,0.8065,0.9488,0.9488,0.2846,0.3321,1.1385,0.8539,3.7951,2.5142,0.7116,1.5180
69.0476,3.6210,0.5456,1.4385,0.2976,0.6448,0.5456,0.9425,0.6448,8.3829,6.7956,3.4722,3.6210
14.4571,3.8574,3.4684,3.9870,4.8947,3.3387,3.8250,5.5105,15.3971,23.4036,7.0665,5.1540,5.6402
46.8023,4.1279,1.7442,1.8023,4.8837,2.9070,5.6395,7.6163,6.5698,4.9419,5.5233,4.7674,2.6744
96.4620,0.6764,0.2081,0.4162,0.6764,0.2601,0.3122,0.3642,0.1041,0.0000,0.0520,0.1041,0.3642
90.1212,0.9320,0.5592,0.7456,0.5592,0.0932,1.2116,0.9320,0.5592,1.3048,1.3048,0.4660,1.2116
80.6871,2.2284,1.5785,2.7855,5.9424,2.4141,2.2284,0.3714,0.2786,0.6500,0.1857,0.1857,0.4643
7.4219,0.4395,0.2930,36.7188,46.9238,1.1230,0.7812,0.4883,0.8301,4.1992,0.5859,0.0488,0.1465
5.3590,0.9886,1.7690,35.7440,48.2310,2.2373,0.7284,0.2601,0.8845,2.1852,1.3007,0.1041,0.2081
7.2041,0.4002,0.6289,22.7559,58.7764,0.5146,0.3431,0.2859,0.6289,4.5169,3.2018,0.4574,0.2859
10.5917,1.2432,1.2929,24.8135,44.2566,5.9175,2.6852,1.1437,0.8454,3.0830,1.9891,1.4918,0.6464
10.8200,0.2911,0.5822,37.3120,32.7026,6.4532,2.6686,1.2615,0.8248,3.1538,2.0378,1.3100,0.5822
9.0105,4.9751,3.4826,57.2692,3.4273,2.3770,1.8242,0.6633,0.1658,1.4925,5.6938,5.6385,3.9801
47.1170,1.6474,1.2630,30.4778,4.3932,3.0203,0.8237,0.4393,0.8237,2.0319,3.0752,3.1851,1.7024
89.7478,0.6561,0.3486,1.1277,0.8202,0.2871,0.4101,0.4921,0.9637,2.5015,1.5583,0.5741,0.5126
68.2051,1.3986,2.9837,13.2867,3.6364,1.8648,1.3054,0.3730,0.2797,0.6993,2.1911,1.2587,2.5175
62.9822,6.9371,0.9773,0.7626,0.8736,0.4072,1.0217,0.5923,0.2443,1.1846,3.5907,9.0768,11.3497
29.5007,11.5807,3.7290,1.8438,0.7665,0.8494,8.0796,21.7112,10.4413,3.2318,1.3673,1.4295,5.4692
19.6425,1.9500,1.4625,3.5547,4.2657,9.6689,18.9112,22.3238,8.7345,4.2860,2.5391,1.2594,1.4016
26.3909,6.4064,2.2176,5.2393,11.6327,7.1975,9.1687,7.0160,2.2825,4.4482,2.6715,3.2810,12.0477
12.0904,22.6695,5.2427,2.7551,1.4712,2.2068,4.7479,4.0792,1.8724,2.7952,3.1965,9.0009,27.8721
40.6689,5.9513,4.3549,4.3549,4.4660,2.1926,6.4262,8.7198,5.4562,4.6176,3.5667,3.9204,5.3046
47.1092,3.0454,1.6893,3.9496,2.1651,2.2127,8.3988,8.9222,7.5184,5.5437,3.5689,2.6648,3.2120
95.7257,0.1761,0.0587,0.1565,0.5477,0.3130,0.7531,1.0270,0.4108,0.2054,0.2641,0.1174,0.2445
74.9613,0.3779,0.0687,0.5755,0.9191,2.7573,3.7193,1.5032,0.5497,2.7057,6.4937,3.3843,1.9842
96.8834,0.3761,0.1075,0.3761,0.2149,0.3224,0.1612,0.1075,0.0537,0.1075,0.1075,0.3761,0.8060
60.5287,0.5348,0.2139,5.2414,15.5104,9.4285,4.6760,0.6724,0.1987,0.5348,0.6724,0.3973,1.3906
8.4866,2.4752,2.7581,1.2023,1.8388,1.3437,4.4554,23.6209,14.5686,13.3663,12.4470,9.4767,3.9604
8.8598,1.4524,1.3798,3.8489,9.0051,2.1060,52.2876,10.7480,3.2680,1.1619,2.0334,1.3798,2.4691
8.6519,1.5426,1.1402,2.1462,3.4876,37.8270,35.1442,4.4936,1.4755,0.7378,0.5366,0.6707,2.1462
5.3162,3.9731,1.6788,2.5182,7.2188,54.3369,3.1337,1.3990,1.1752,1.3990,2.4622,9.3453,6.0436
4.9558,0.3435,0.2944,0.6379,2.0608,57.3602,20.9028,3.1894,1.4720,1.5211,1.9136,4.1708,1.1776
3.4608,0.0911,0.1821,0.2277,0.1821,0.2277,20.7650,45.0820,27.1403,0.5920,1.5938,0.3188,0.1366
4.8236,2.3038,1.7999,14.6868,1.5119,0.9359,0.9359,7.9914,38.3009,9.2153,11.6631,4.0317,1.7999
8.1767,1.5038,1.5977,13.6278,12.5940,25.2820,18.1391,2.0677,4.2293,9.8684,1.3158,0.8459,0.7519
5.0549,6.8864,1.5385,1.1722,0.5128,3.3700,36.8498,33.2601,1.3919,1.0256,1.3187,1.3187,6.3004
4.0556,0.4635,0.4635,0.5214,0.6373,4.6350,61.1819,27.1727,0.2317,0.2897,0.2317,0.0000,0.1159
37.3667,12.2068,2.7719,2.9851,6.1567,8.2090,9.9680,1.8923,1.3859,1.7591,1.0394,0.8262,13.4328
7.1033,4.0806,4.5844,4.6348,4.6348,5.8438,11.6373,6.7506,4.0302,5.8438,11.6877,19.4962,9.6725
6.8832,2.6175,3.6840,5.8168,5.2836,6.9801,52.7387,6.3015,1.6481,1.7935,0.7756,1.3088,4.1687
15.4762,1.1905,2.3214,4.0476,2.5000,2.7381,41.6071,14.2262,2.9167,4.4048,2.9762,2.7381,2.8571
26.8207,4.4118,0.3501,0.5602,1.1905,0.9104,27.0308,24.4398,4.6218,3.4314,0.5602,0.4902,5.1821
60.1336,2.8211,1.9302,2.3756,2.7468,2.8953,17.9659,5.5679,1.1878,0.6682,0.1485,0.5939,0.9651
40.0781,1.2500,2.1094,0.8594,1.7188,11.9531,24.1406,3.7500,2.9688,4.2969,5.2344,0.7031,0.9375
44.9889,0.0000,0.2227,4.0089,2.8953,0.0000,0.4454,0.0000,0.0000,21.6036,25.3898,0.2227,0.2227
68.1452,0.0000,0.0000,23.3871,4.0323,0.4032,0.0000,0.0000,0.0000,1.2097,2.0161,0.0000,0.8065
26.7773,0.2370,1.4218,31.2796,36.4929,2.6066,0.2370,0.0000,0.0000,0.2370,0.2370,0.2370,0.2370
24.6738,1.4235,11.6251,19.3357,23.1317,16.0142,3.2028,0.1186,0.2372,0.1186,0.1186,0.0000,0.0000
54.7497,10.2145,5.3115,3.0644,2.8601,4.1879,8.9888,3.4729,0.7150,0.5107,0.4086,0.7150,4.8008
26.6900,3.3800,1.2821,1.0490,0.3497,0.2331,2.6807,6.8765,6.8765,26.1072,7.1096,2.3310,15.0350
25.0000,0.7310,0.5848,5.1170,12.2807,10.3801,3.5088,2.6316,1.9006,31.2865,6.2865,0.2924,0.0000
21.0185,6.7593,6.2037,1.9444,3.0556,2.2222,2.6852,17.9630,7.3148,7.4074,10.5556,7.3148,5.5556
1.2968,4.7880,4.7880,5.7357,6.7332,6.2344,23.5411,40.5985,1.3965,0.8978,0.6484,0.9476,2.3940
11.0074,2.5061,1.4742,1.9165,2.0147,1.7690,27.8133,34.1523,2.8010,2.7027,2.0147,3.2924,6.5356
33.1638,2.1363,1.5768,1.4242,2.5941,2.5432,10.7833,12.1058,6.5107,9.9186,8.5453,5.0865,3.6114
51.9571,4.6514,2.6314,3.0810,2.4936,1.3367,3.6145,3.4286,3.0450,2.7333,6.2878,6.0121,8.7274
93.6891,0.8994,0.2420,0.3795,0.3735,0.0747,0.1733,0.3078,0.2331,1.3715,1.2431,0.4333,0.5797
85.3502,1.3855,0.7530,0.9300,0.4330,0.5158,0.8961,0.8735,0.5271,1.1634,2.0971,2.5904,2.4849
82.3218,2.1177,1.2200,1.3504,1.9566,0.6906,0.3990,0.2685,0.1688,0.9207,2.8620,3.1075,2.6164
24.8046,27.8437,10.4776,5.9913,4.1389,0.9262,0.3763,0.3763,0.2894,0.6368,2.1129,5.1230,16.9030
35.9559,13.3815,0.8340,0.4170,0.5190,0.1761,0.1946,0.0741,0.0463,0.0463,1.1028,9.7767,37.4757
87.7472,0.6099,0.0924,0.0924,0.0739,0.1848,0.0739,0.0554,0.0554,2.5134,3.0309,2.9385,2.5319
67.3156,0.4393,0.4093,3.6638,5.3010,1.4126,3.3892,4.7220,2.8452,2.9250,4.9715,1.5973,1.0083
85.9783,0.1359,0.1087,1.1005,4.6467,0.2174,0.2310,0.0951,0.1359,2.6630,4.1304,0.3397,0.2174
99.0514,0.1268,0.0329,0.0282,0.0704,0.1409,0.1785,0.0986,0.0235,0.0798,0.0751,0.0235,0.0704
9.7769,2.5629,4.3664,14.0959,21.0726,9.7295,9.3972,5.6953,4.2715,6.9293,5.7902,4.5088,1.8035
61.6090,1.6882,1.2297,1.7924,2.2718,0.3126,1.3130,5.6899,3.2097,4.8145,4.9812,6.7945,4.2935
55.9788,1.1031,1.8017,16.3259,9.9279,1.1914,1.0443,0.5957,0.8457,4.5448,2.5224,1.7429,2.3753
19.9533,5.8879,3.1776,2.5701,20.7477,8.7850,5.0935,4.3458,5.4206,10.3271,5.0467,3.3645,5.2804
9.6712,1.2766,0.2321,0.0387,0.5029,0.2708,0.7350,6.4990,37.9110,38.9168,2.3985,0.6576,0.8897
10.2632,0.3684,0.2632,0.4211,13.2105,12.8421,7.3158,6.1579,1.6316,16.4737,29.2105,1.6316,0.2105
8.6134,4.4643,3.0462,11.3445,19.3803,12.6576,5.4622,4.2542,5.6723,12.3950,5.8298,4.0966,2.7836
5.6209,2.4183,2.4183,2.1569,4.9020,9.9346,36.1438,9.6732,6.4706,4.9020,5.8824,4.5752,4.9020
9.1736,14.0496,1.4050,1.6529,0.9917,1.6529,43.8017,6.6942,6.0331,6.6942,2.7273,1.5702,3.5537
9.4286,2.2857,1.2571,1.5429,1.9429,59.2571,15.7714,2.4571,1.2000,1.0857,0.4571,0.6286,2.6857
6.3001,1.9221,1.6017,3.3636,13.4010,54.8852,4.4848,3.2034,0.9610,0.9076,1.6017,4.2712,3.0966
5.1488,0.1889,0.0945,0.5196,2.5508,46.4809,36.1833,1.0864,0.8975,2.1256,2.4563,1.9839,0.2834
3.4288,0.0807,0.2017,0.1210,0.1210,0.4034,33.9250,46.3090,13.2715,0.6051,0.7261,0.7261,0.0807
5.0338,1.0518,2.1037,16.8295,4.9587,2.6296,1.4275,13.2231,38.1668,7.8888,4.5079,1.6529,0.5259
8.5380,11.8129,8.1871,11.6959,6.4327,14.6199,13.5673,1.8713,1.9883,5.8480,4.4444,5.6140,5.3801
2.3493,6.2308,4.9030,3.0644,2.6558,3.7794,28.3963,17.5689,5.9244,7.0480,6.9459,5.2094,5.9244
99.5909,0.0455,0.0000,0.2273,0.0000,0.0000,0.0455,0.0455,0.0000,0.0000,0.0000,0.0000,0.0455
86.9441,2.1345,2.0277,0.8894,0.2846,0.1423,0.3202,0.0711,0.0356,0.2134,0.6759,1.7787,4.4824
3.4362,10.8696,14.2356,9.6073,3.2959,2.0337,2.4544,1.8934,3.0154,15.0070,11.6410,10.8696,11.6410
9.8163,25.5118,26.7192,18.1627,7.4016,1.1024,0.1050,0.1575,0.1050,0.0525,1.1024,1.6798,8.0840
12.5234,2.2497,2.2122,3.0371,1.8373,1.3873,1.9123,3.4871,9.3363,19.6100,29.6213,9.1489,3.6370
11.5014,2.8874,1.5399,4.6679,8.4697,1.4437,1.9249,2.3099,2.5024,22.5217,33.3975,4.3311,2.5024
7.0401,1.5416,2.0555,8.8900,1.1819,0.1542,0.1542,0.2055,0.6680,13.9260,60.3289,2.1583,1.6958
16.2162,0.4865,0.0541,2.2703,2.6486,0.5946,0.3243,0.3784,1.0270,32.0000,42.7027,0.8108,0.4865
32.7515,0.4988,0.5819,2.2444,1.3300,0.1663,1.4131,1.9950,2.3275,29.0939,25.4364,1.7456,0.4156
48.6409,1.8598,1.1445,7.1531,12.3033,2.7182,3.0043,2.5751,3.2904,9.5851,6.0086,0.4292,1.2876
30.0334,0.8899,0.3337,8.1201,8.2314,1.3348,0.3337,1.1123,0.8899,6.1179,40.2670,1.5573,0.7786
24.3346,11.2167,9.8859,42.7757,4.5627,0.1901,0.1901,0.1901,0.3802,0.7605,1.5209,0.1901,3.8023
24.6959,3.6496,4.7445,27.6156,6.0827,1.5815,5.3528,17.5182,2.0681,2.3114,1.4599,0.9732,1.9465
7.7770,4.5488,10.1247,5.0624,2.2744,1.7608,16.8745,22.6706,7.1167,7.0433,7.1167,3.2282,4.4021
8.8115,4.3033,4.4570,3.8934,4.1496,4.2520,19.1598,42.1619,3.2787,1.2807,2.3566,0.7684,1.1270
1.3481,5.6331,7.2220,4.4295,3.3702,2.4073,28.3582,33.0284,3.0332,5.3924,1.8777,0.9148,2.9851
29.6703,34.5437,7.8356,2.8189,1.5767,0.7167,0.8600,1.3378,0.7167,1.2900,2.9145,3.5356,12.1835
41.0485,6.0806,5.6437,3.6822,2.1309,3.3613,7.4626,8.8445,3.5752,4.1013,4.8146,4.3777,4.8770
13.3501,17.9849,1.1083,1.5113,1.6121,4.6348,6.6499,4.1310,3.5264,4.3829,8.5139,13.7531,18.8413
4.8302,29.4596,12.2429,8.4648,7.1736,3.7303,3.2999,4.5433,3.5868,1.5304,1.8173,5.1650,14.1559
10.2655,5.0885,7.6549,5.4425,2.3009,1.9027,5.8407,15.6637,13.3186,12.6549,10.2655,5.7522,3.8496
8.4648,21.2817,18.6992,6.0258,4.5433,2.2956,1.9130,2.6303,2.5347,3.4433,3.6346,8.7518,15.7819
14.1841,10.3890,10.9583,7.9222,3.9374,3.7002,3.1784,2.5617,4.2220,8.5389,16.3662,6.7362,7.3055
13.6687,5.2337,5.0813,6.9106,7.5711,5.4370,9.0955,8.9939,6.2500,5.2337,12.1951,7.5203,6.8089
20.6290,4.5043,2.8785,10.4478,7.8625,4.1045,6.8763,5.7036,5.1706,8.5021,12.2868,6.2100,4.8241
46.7488,2.0338,0.9453,4.5259,8.8513,4.0390,2.0052,1.7474,2.2057,14.2366,6.9608,1.7474,3.9530
97.4824,0.3234,0.1386,0.2541,0.1270,0.0808,0.3696,0.3349,0.0808,0.1386,0.0693,0.2079,0.3927
91.0118,0.8254,0.3171,0.7429,0.4475,0.3693,0.4561,0.2780,0.1998,0.3910,0.7125,1.1816,3.0670
69.7923,1.8831,1.8055,3.7080,3.5139,1.3784,0.9513,0.6795,1.0678,3.1644,5.8824,3.7857,2.3879
89.2299,0.6931,0.1896,0.7050,4.2773,1.6232,0.3021,0.2192,0.2014,0.9775,0.8235,0.1481,0.6102
98.5336,0.2256,0.1128,0.0564,0.0000,0.0564,0.0000,0.0000,0.1692,0.0564,0.1692,0.4512,0.1692
66.4336,0.5321,0.5929,4.0438,13.2563,6.5825,5.3968,0.5777,0.2280,0.1824,0.1976,0.6537,1.3226
9.4053,3.1812,2.2822,2.4205,1.7981,2.9046,8.0913,28.8382,11.9640,9.1286,8.2988,8.3679,3.3195
7.1379,2.8413,5.8905,9.2862,14.3451,5.2668,39.7782,6.9300,1.3167,1.5939,2.2869,1.6632,1.6632
8.1047,0.6858,1.0599,1.9950,2.1197,56.9202,21.0100,2.0574,1.7456,0.9352,0.3117,0.9975,2.0574
5.8193,1.1230,1.1741,2.2460,9.3415,73.4048,1.3783,0.2042,0.1021,0.4594,0.5105,2.0929,2.1440
2.7956,0.0917,0.0458,0.1375,5.8662,72.5940,14.8029,0.8249,0.5500,0.9166,0.7333,0.5500,0.0917
3.5817,0.0478,0.1433,0.2388,0.1910,2.7221,51.3372,38.5387,1.0506,0.3343,1.0506,0.7163,0.0478
3.7218,0.5639,0.0376,0.0000,0.0000,0.1504,1.2782,11.4662,27.4060,45.0376,9.7744,0.4135,0.1504
9.2789,0.0000,0.0000,0.0000,0.0504,4.8916,31.6692,47.4534,2.5214,1.7146,1.7650,0.3530,0.3026
3.5813,2.4793,1.7218,0.9642,1.9284,1.6529,7.3003,66.5289,1.9284,1.8595,1.3774,4.3388,4.3388
42.2311,1.0814,0.3699,0.1423,0.9391,0.8822,14.9402,30.8765,4.6670,2.0205,1.0529,0.1423,0.6545
5.5457,1.1731,0.6754,0.5688,0.9243,12.7266,25.2044,27.0174,12.0512,4.8702,4.4081,2.7728,2.0619
2.2254,1.5625,0.5682,0.5682,0.8996,2.0833,19.4602,57.4337,6.8182,1.3731,1.6572,2.9830,2.3674
9.9901,2.5223,1.4342,1.7310,4.8467,5.7864,50.3462,5.4402,2.0772,4.4016,3.8576,4.0554,3.5114
5.3626,0.1021,0.0511,0.1021,0.2554,1.0725,68.9990,4.2901,1.1747,1.9918,4.8519,8.5802,3.1665
8.2401,2.5309,0.7063,3.8846,3.2372,1.9423,61.0359,5.5327,2.2955,3.3549,3.0606,2.0012,2.1778
23.2330,4.1230,2.4869,2.1597,1.7016,1.7670,41.8848,13.1545,3.5340,3.0105,0.9817,0.9817,0.9817
44.1701,3.4979,1.5089,2.8121,3.1550,3.4979,19.2044,14.5405,3.2922,2.0576,0.8230,0.3429,1.0974
13.7326,1.0889,0.6050,0.5445,1.0284,17.4834,34.2408,4.7792,1.9964,2.4198,6.1101,12.9462,3.0248
9.2827,1.4065,0.9142,3.7271,7.9466,35.7243,17.0886,0.6329,2.6020,3.0239,6.2588,6.1181,5.2743
25.5187,0.2075,0.0000,3.9419,67.0124,1.8672,0.4149,0.6224,0.2075,0.0000,0.2075,0.0000,0.0000
45.0512,0.1706,0.1706,3.4130,49.1468,1.3652,0.0000,0.0000,0.0000,0.6826,0.0000,0.0000,0.0000
40.7576,0.0000,0.3030,2.1212,45.0000,10.4545,0.4545,0.0000,0.3030,0.6061,0.0000,0.0000,0.0000
47.9297,0.0000,0.3764,0.2509,0.1255,1.2547,5.5207,13.9272,11.2923,16.6876,2.6349,0.0000,0.0000
8.3412,1.5166,0.4739,0.2844,0.1896,0.4739,0.0948,0.0000,0.0948,0.4739,14.4076,44.1706,29.4787
10.2564,5.6410,7.5897,4.5128,0.9231,1.1282,1.1282,1.4359,4.3077,41.5385,17.8462,1.9487,1.7436
5.8861,1.5590,13.3312,39.6755,30.6077,6.8088,1.0181,0.2227,0.1909,0.1591,0.1591,0.0955,0.2864
4.7922,2.1516,1.3692,50.3178,11.4914,1.2714,3.4719,3.1785,4.2054,8.8020,4.5477,2.5428,1.8582
50.2135,7.6595,2.0283,1.4945,1.0809,0.6539,1.3477,3.2559,5.1508,10.6352,5.9915,3.6296,6.8588
46.4606,11.0668,2.8628,2.9768,6.2242,2.4071,3.9880,2.6919,1.5240,1.2107,1.4813,4.7287,12.3772
63.7146,9.2745,17.1507,1.3147,0.8486,0.9322,0.7888,0.7291,0.1912,0.5498,1.1593,1.1593,2.1872
74.8770,0.6014,16.8671,2.5150,0.7928,0.5741,0.7381,0.5741,0.4921,0.7381,0.7108,0.2187,0.3007
94.2830,0.2071,0.2831,0.4695,0.4246,0.5213,0.4488,0.6525,0.3211,1.0530,0.5627,0.2796,0.4937
3.0973,1.8584,0.4425,0.6195,1.5929,27.0796,40.7965,4.9558,2.6549,2.8319,4.0708,2.6549,7.3451
4.1145,5.2773,3.7567,3.1306,3.2200,4.6512,20.8408,39.9821,8.9445,1.8784,0.8945,0.6261,2.6834
51.5776,2.6463,0.1018,0.1527,0.1781,0.7125,5.0127,17.7099,13.1298,7.5064,0.3053,0.2036,0.7634
14.3065,18.7439,2.7158,0.3637,0.1212,0.1697,0.5335,0.9214,1.0427,3.0068,12.4394,17.1193,28.5160
13.8041,21.4075,3.3465,2.9035,0.7136,0.3937,0.5413,0.8366,0.9596,3.5925,6.4469,9.6703,35.3839
22.2553,10.8793,7.8987,7.8490,8.9916,3.2787,7.9980,7.6006,3.2787,4.8187,4.1729,3.5768,7.4019
20.2675,2.7998,5.5063,21.9630,10.0171,1.1355,1.6488,1.9443,3.0642,12.7236,14.1391,3.0176,1.7732
1.3251,0.2840,0.4733,56.1287,39.0440,0.8519,0.3313,0.6626,0.1420,0.5679,0.1893,0.0000,0.0000
4.5243,0.2332,0.3731,42.3507,42.9104,1.0261,1.6325,1.2127,0.2799,2.7052,1.7724,0.6530,0.3265
3.8985,0.3758,0.5636,41.8506,39.8779,4.3682,2.5364,0.7046,0.5636,2.6303,1.9728,0.2818,0.3758
10.6531,0.5095,0.5558,42.6586,34.5067,2.6864,2.4548,0.7874,0.4169,1.4358,1.7601,0.7874,0.7874
9.7244,0.1040,0.1560,9.4644,73.1669,1.3521,0.6760,0.0520,0.5200,2.2361,1.9761,0.5200,0.0520
8.8167,0.6381,0.8121,12.5290,43.1555,1.2761,1.1021,1.7981,2.2042,12.1810,11.7169,2.6682,1.1021
10.7260,2.6815,1.9621,7.9791,29.4310,3.6625,2.9431,3.3355,5.3630,14.4539,11.1184,3.7933,2.5507
48.7500,11.5741,3.4028,3.2176,4.4444,1.1574,3.6343,9.4676,2.6852,1.9444,1.5046,0.9722,7.2454
56.7460,3.4974,1.9515,2.5867,2.8698,2.2806,3.5739,5.4029,6.7728,5.8162,2.7856,1.7525,3.9642
38.8422,3.6863,4.3295,6.0366,4.4780,1.8308,3.0925,5.0470,6.3582,8.9312,10.3662,2.5730,4.4285
9.7720,34.1477,8.2519,3.5288,2.0087,1.6830,1.7915,2.0087,2.1716,3.5288,2.2801,6.0803,22.7470
6.9031,33.7589,10.9220,6.7139,7.9433,3.9716,2.1277,2.5059,0.7565,0.8983,2.0331,3.8771,17.5887
33.7352,3.2147,4.4776,4.0566,4.9560,3.2147,3.6165,4.4585,5.7597,10.5434,9.6441,7.2713,5.0517
87.5875,0.3582,0.1666,0.9247,5.0067,2.6908,0.5498,0.6498,0.1666,0.6914,0.7248,0.2666,0.2166
3.7019,1.3764,1.3289,3.3223,2.1357,24.0152,19.3166,17.9877,13.7636,2.9426,3.6545,3.7494,2.7053
42.4701,0.8507,0.4726,8.8217,19.2502,2.8670,5.9546,4.0013,0.6931,3.1191,10.5545,0.3466,0.5986
20.5788,5.2519,1.1254,4.8232,43.5155,19.7213,0.2144,0.0536,0.1072,0.1072,0.0000,0.4287,4.0729
7.3408,0.1458,0.3889,0.4375,0.7292,41.8571,40.4959,1.9932,0.7778,0.7778,1.6043,2.0418,1.4098
7.8609,6.3492,6.1224,6.0469,3.8549,3.2502,31.3681,8.3144,4.4596,2.7211,3.3258,5.9713,10.3553
8.8980,0.8898,0.6845,1.5743,2.3272,17.1116,52.4983,4.4490,2.8747,2.5325,1.7112,1.8480,2.6010
7.5275,3.2426,2.4320,3.8217,4.1112,69.6005,2.2583,1.2739,0.2895,0.4632,0.2316,2.0266,2.7215
7.5540,1.1305,0.7708,2.3124,5.1901,55.3443,5.4471,2.9805,2.1583,3.3916,4.1110,6.2693,3.3402
3.3906,0.2712,0.0452,0.1808,0.7233,38.1103,39.1953,10.2622,0.6781,1.8535,1.6275,3.3454,0.3165
3.8606,0.2681,0.8043,0.3217,1.3405,0.2681,17.6408,52.0107,18.9812,3.9142,0.0536,0.3753,0.1609
7.3896,5.0864,6.7179,11.7083,33.3973,6.9098,1.5355,1.5355,3.4549,6.4299,4.7025,7.5816,3.5509
12.6226,4.8398,5.5592,10.0719,13.9307,20.2093,11.5762,5.3630,2.1583,1.7659,7.3905,0.8502,3.6625
3.8010,4.4229,3.5936,1.7277,0.4838,5.1831,62.4050,10.4354,0.6220,0.4147,1.6586,1.4513,3.8010
3.7457,2.3269,1.9864,3.1215,5.5619,12.3156,28.7741,39.2736,0.9648,0.3973,0.0568,0.3405,1.1351
36.0041,10.8372,3.4926,1.9517,1.2840,2.4140,2.8762,7.9096,5.2902,3.9548,3.4926,2.7735,17.7196
5.5588,28.3207,5.0907,2.3406,1.9310,1.6384,1.9310,2.6331,3.4523,3.6279,6.7291,7.0802,29.6665
3.7736,16.4546,6.4063,2.0184,1.7552,1.7552,1.1847,2.2817,2.9399,6.0114,5.9675,25.4936,23.9579
26.1555,3.3170,1.6857,2.2295,5.1115,2.1207,19.0865,15.5519,3.8064,6.3078,5.6009,4.0783,4.9483
38.2863,0.1627,2.7928,4.3384,0.9761,1.1388,3.4165,42.1367,5.7755,0.7863,0.1356,0.0542,0.0000
20.8545,0.5069,2.3172,3.9102,3.8378,2.3896,9.1238,51.9189,3.3309,1.4482,0.1448,0.0000,0.2172
33.2094,11.4002,2.6022,0.6196,0.6196,1.3631,12.5155,17.4721,3.0979,1.3631,0.4957,2.1066,13.1351
21.6842,15.1579,0.2105,0.0000,0.0000,0.0000,0.2105,1.2632,3.1579,3.7895,6.9474,17.2632,30.3158
52.3474,1.8779,0.0000,0.2347,0.2347,3.0516,15.9624,11.7371,5.8685,4.9296,0.9390,1.1737,1.6432
28.3505,0.0000,0.2577,0.3866,2.5773,50.6443,16.1082,1.0309,0.1289,0.2577,0.0000,0.1289,0.1289
19.4988,0.2349,0.0000,0.4699,8.7706,59.3579,9.0838,2.1143,0.1566,0.0783,0.0783,0.0783,0.0783
23.2575,0.2982,0.4473,4.2862,29.7428,33.5818,6.7462,1.1554,0.3727,0.0000,0.0373,0.0745,0.0000
22.2892,0.2410,0.3855,4.8193,21.3735,26.3614,21.8795,1.7349,0.1687,0.4819,0.0723,0.0723,0.1205
7.4504,49.9356,37.0972,0.5156,0.0773,0.0000,0.0000,0.0258,0.3351,0.3867,0.3609,0.4383,3.3772
4.9712,4.4371,87.6335,1.1093,0.3698,0.1643,0.2465,0.1643,0.1233,0.0822,0.0411,0.1233,0.5341
3.6693,15.6526,72.1784,1.2541,0.9754,0.2787,0.6967,0.3716,1.5327,2.1366,0.3716,0.4645,0.4180
2.7187,38.4083,28.1265,1.2852,0.9886,0.2966,0.9886,6.3272,11.7153,2.0761,2.1750,1.8290,3.0648
20.8419,13.6037,11.2423,3.5421,3.6961,1.3347,4.0041,7.5975,5.4415,12.9363,8.7269,3.3368,3.6961
40.6167,9.6906,4.6917,3.1858,0.9936,1.1371,4.2307,4.5892,6.4536,8.4511,7.0887,2.7658,6.1053
70.2029,7.5655,5.1141,0.8030,0.7185,0.7608,1.2257,4.4379,4.9451,0.7608,0.1268,0.2959,3.0431
84.6116,0.8312,0.8382,3.1224,1.5158,0.2305,0.1676,0.4121,0.7684,2.9058,2.8290,0.8592,0.9081
29.2972,0.0000,0.0382,2.2536,30.5195,31.5508,2.6738,1.9862,0.6494,0.5348,0.3056,0.0764,0.1146
13.4554,5.0801,1.9680,1.7849,9.9771,10.0229,8.2838,8.9245,14.9199,6.9565,3.9817,7.3227,7.3227
31.2838,2.3119,0.3443,0.3443,2.8037,2.4102,3.5908,11.8052,22.7250,6.5421,13.4284,0.8854,1.5248
13.6563,0.9046,0.2918,2.3636,8.0537,11.0301,7.5285,8.5206,9.6002,15.0277,15.9323,6.0111,1.0797
7.7591,2.7794,3.4742,3.9954,8.1644,17.1975,24.2038,5.7904,4.9797,4.0533,5.0955,5.4430,7.0643
10.4436,9.3346,3.7893,3.6044,5.7301,5.0832,25.3235,10.9982,7.4861,3.5120,3.3272,3.7893,7.5786
8.7131,1.9437,2.2118,1.6086,2.6139,30.2279,35.5898,4.3566,3.4853,1.7426,0.7373,1.5416,5.2279
7.0186,2.7262,3.0742,3.6543,4.0023,69.8376,1.4501,1.2761,1.0441,0.4640,0.2900,1.9722,3.1903
5.9709,2.1288,2.3364,3.2191,9.1900,52.9076,5.1921,2.4922,1.7653,3.0633,1.9730,6.4901,3.2710
2.6352,0.2774,0.1387,0.2774,0.8784,31.6227,43.6431,15.0717,1.2483,1.2945,1.7568,0.8322,0.3236
2.0308,0.5241,0.0000,0.0655,0.0983,0.3603,4.4219,26.9571,33.3115,30.8877,0.6223,0.4586,0.2620
12.0482,2.3170,3.0584,4.0778,16.2187,26.5987,11.0287,5.9314,3.0584,2.5023,3.3364,6.4875,3.3364
5.9334,1.8090,0.5789,0.8683,1.6643,2.3155,46.9609,20.5499,1.7366,2.9667,1.7366,5.7887,7.0912
3.5806,1.1509,2.7494,2.7494,2.3657,4.9233,27.9412,52.5575,1.1509,0.3836,0.2558,0.0000,0.1918
30.9072,0.1538,0.0513,6.8683,8.5085,1.4864,13.1215,30.1896,7.6371,0.3075,0.2050,0.4100,0.1538
70.1095,11.3139,0.2190,0.8029,1.8248,1.0584,1.4599,0.5109,1.9708,3.2117,0.2190,0.2920,7.0073
29.3720,7.4720,7.1695,15.4065,5.9954,1.0318,1.2275,2.0103,1.6723,4.9813,5.4261,4.0384,14.1968
40.9219,4.2803,1.3170,2.2578,5.5503,2.6811,2.8692,3.0574,3.7159,14.5814,11.9473,1.8815,4.9389
